50
10
0.578 0.495 0.183 0.761 0.101 0.312 0.752 0.679 0.028 0.156
0.394 0.844 0.826 0.119 0.706 0.523 0.505 0.284 0.303 0.202
7
0.19 0.25 0.06 0.31 0.44 0.38 0.50
0.69 0.81 0.94 0.62 0.88 0.56 0.75
9
0.02 0.22 0.65 0.14 0.31 0.27 0.24 0.75 0.69
0.08 0.84 0.33 0.41 0.16 0.53 0.80 0.96 0.63
8
0.78 0.27 0.56 0.06 0.41 0.65 0.79 0.76
0.80 0.69 0.42 0.59 0.46 0.58 0.24 0.62
2
0.72 0.56
0.50 0.78
5
0.78 0.90 0.33 0.22 0.80
0.03 0.65 0.83 0.40 0.25
7
0.58 0.20 0.92 0.98 0.17 0.99 0.56
0.21 0.36 0.86 0.14 0.81 0.49 0.32
10
0.29 0.80 0.18 0.02 0.65 0.84 0.16 0.76 0.22 0.33
0.27 0.53 0.73 0.51 0.96 0.45 0.90 0.37 0.10 0.14
10
0.630 0.891 0.824 0.613 0.832 0.950 0.655 0.723 0.597 0.571
0.059 0.244 0.126 0.361 0.487 0.479 0.235 0.076 0.336 0.328
10
0.702 0.144 0.173 0.240 0.952 0.779 0.298 0.356 0.115 0.654
0.615 0.269 0.971 0.106 0.010 0.500 0.433 0.087 0.375 0.769
10
0.327 0.495 0.149 0.030 0.683 0.832 0.307 0.396 0.465 0.356
0.614 0.743 0.782 0.822 0.168 0.812 0.208 0.416 0.604 0.990
6
0.38 0.23 0.69 0.92 0.77 0.46
0.62 0.85 0.54 0.08 0.15 0.31
6
0.58 0.42 0.16 0.11 0.84 0.26
0.95 0.89 0.79 0.21 0.53 0.63
10
0.22 0.16 0.47 0.60 0.20 0.07 0.53 0.09 0.76 0.78
0.89 0.44 0.73 0.18 0.56 0.71 0.93 0.91 0.36 0.27
10
0.340 0.379 0.350 0.117 0.786 0.505 0.767 0.175 0.573 0.650
0.049 0.709 0.922 0.243 0.971 0.311 0.602 0.883 0.476 0.165
10
0.099 0.477 0.901 0.495 0.631 0.514 0.036 0.072 0.559 0.622
0.369 0.982 0.829 0.802 0.604 0.135 0.694 0.739 0.018 0.486
3
0.4 0.1 0.3
0.7 0.9 0.6
9
0.50 0.89 0.61 0.09 0.65 0.76 0.17 0.97 0.05
0.52 0.04 0.15 0.24 0.91 0.41 0.90 0.38 0.80
10
0.57 0.60 0.67 0.90 0.69 0.88 0.93 0.95 0.83 0.64
0.21 0.33 0.17 0.45 0.12 0.29 0.10 0.50 0.02 0.40
10
0.71 0.74 0.63 0.49 0.97 0.57 0.91 0.69 0.60 0.94
0.40 0.17 0.26 0.34 0.31 0.37 0.23 0.14 0.11 0.06
9
0.92 0.79 0.67 0.71 0.70 0.78 0.81 0.63 0.60
0.56 0.36 0.27 0.04 0.44 0.55 0.38 0.41 0.22
2
0.77 0.59
0.36 0.50
10
0.43 0.83 0.58 0.54 0.97 0.55 0.73 0.68 0.89 0.61
0.10 0.17 0.35 0.16 0.18 0.04 0.14 0.30 0.29 0.26
9
0.59 0.19 0.08 0.43 0.24 0.51 0.70 0.05 0.27
0.11 0.62 0.65 0.84 0.86 0.46 0.81 0.76 0.95
7
0.62 0.04 0.88 0.50 0.54 0.23 0.46
0.27 0.35 0.77 0.15 0.65 0.31 0.92
10
0.60 0.79 0.77 0.64 0.83 0.09 0.94 0.74 0.15 0.66
0.19 0.45 0.96 0.11 0.57 0.81 0.04 0.40 0.51 0.32
10
0.33 0.49 0.04 0.19 0.42 0.26 0.51 0.24 0.54 0.44
0.81 0.73 0.83 0.69 0.82 0.56 0.55 0.99 0.76 0.78
10
0.009 0.138 0.927 0.064 0.468 0.844 0.991 0.394 0.587 0.431
0.404 0.651 0.578 0.110 0.183 0.174 0.101 0.284 0.945 0.349
4
0.31 0.14 0.69 0.97
0.90 0.28 0.45 0.34
10
0.78 0.22 0.16 0.42 0.95 0.37 0.28 0.52 0.55 0.25
0.74 0.23 0.19 0.47 0.41 0.27 0.97 0.03 0.43 0.17
3
0.08 0.62 0.54
0.38 0.31 0.15
10
0.60 0.03 0.71 0.83 0.31 0.37 0.09 0.11 0.54 0.29
0.74 0.66 0.49 0.57 0.14 0.51 0.69 0.89 0.34 0.20
5
0.24 0.07 0.87 0.64 0.04
0.62 0.89 0.82 0.47 0.73
10
0.28 0.21 0.65 0.44 0.02 0.42 0.86 0.16 0.77 0.98
0.05 0.53 0.14 0.91 0.07 0.09 0.95 0.49 0.37 0.51
6
0.27 0.11 0.49 0.21 0.17 0.37
0.86 0.77 0.63 0.97 0.54 0.64
6
0.58 0.53 0.47 0.86 0.72 0.89
0.19 0.25 0.31 0.14 0.08 0.42
10
0.11 0.71 0.36 0.50 0.61 0.86 0.64 0.82 0.46 0.54
0.79 0.75 0.93 0.57 0.39 0.04 0.14 0.29 0.68 0.25
1
0.2
0.5
10
0.34 0.04 0.27 0.23 0.48 0.14 0.41 0.24 0.42 0.01
0.78 0.86 0.75 0.97 0.92 0.57 0.62 0.71 0.52 0.91
10
0.83 0.31 0.90 0.55 0.45 0.48 0.76 0.69 0.72 0.03
0.28 0.86 0.66 0.62 0.79 0.24 0.93 0.07 0.17 0.59
10
0.20 0.11 0.21 0.23 0.67 0.16 0.66 0.60 0.79 0.25
0.63 0.56 0.62 0.31 0.72 0.86 0.34 0.87 0.26 0.28
8
0.29 0.48 0.63 0.46 0.71 0.97 0.05 0.59
0.82 0.33 0.86 0.80 0.19 0.68 0.18 0.76
10
0.910 0.793 0.901 0.477 0.441 0.505 0.721 0.414 0.775 0.703
0.270 0.054 0.234 0.090 0.135 0.333 0.288 0.360 0.324 0.117
10
0.661 0.991 0.104 0.278 0.400 0.391 0.609 0.522 0.687 0.513
0.461 0.600 0.313 0.948 0.296 0.643 0.009 0.557 0.035 0.783
7
0.86 0.40 0.60 0.55 0.66 0.91 0.90
0.33 0.24 0.72 0.21 0.71 0.83 0.10
3
0.1 0.9 0.4
0.5 0.2 0.8
10
0.919 0.793 0.541 0.874 0.207 0.577 0.468 0.396 0.523 0.829
0.550 0.324 0.081 0.432 0.847 0.883 0.559 0.712 0.423 0.387
10
0.25 0.12 0.77 0.58 0.07 0.88 0.05 0.60 0.38 0.90
0.37 0.83 0.22 0.93 0.27 0.40 0.65 0.55 0.53 0.75
6
0.76 0.38 0.86 0.66 0.68 0.50
0.80 0.64 0.54 0.34 0.32 0.36
1
0.36
0.64
